0.0000,0,1,2.0612,3
(0.1058,1,1),(0.2148,2,1),(0.3238,3,1),(0.4328,4,1),(0.5418,5,1),(0.6508,6,1),(0.7598,7,1),(0.8696,3),(0.9803,9,2),(1.0839,6),(1.1930,10,3),(1.3020,11,3),(1.4116,2),(1.5228,13,4),(1.6308,13,5),(1.7388,13,6),(1.8468,13,7),(1.9548,13,8)
0.0000,0,1,2.1722,3
(0.2116,1,1),(0.3196,1,2),(0.4286,2,2),(0.5376,3,2),(0.6466,4,2),(0.7556,5,2),(0.8646,6,2),(0.9736,7,2),(1.0826,8,2),(1.1937,6),(1.3029,10,3),(1.4119,11,3),(1.5214,2),(1.6328,12,5),(1.7408,12,6),(1.8488,12,7),(1.9568,12,8),(2.0658,13,8)
0.0000,0,1,2.2792,3
(0.1058,0,1),(0.2138,0,2),(0.3218,0,3),(0.4298,0,4),(0.5388,1,4),(0.6468,1,5),(0.7567,4),(0.8668,3,6),(0.9748,3,7),(1.0838,4,7),(1.1928,5,7),(1.3018,6,7),(1.4108,7,7),(1.5198,8,7),(1.6288,9,7),(1.7378,10,7),(1.8468,11,7),(1.9558,12,7),(2.0648,13,7),(2.1728,13,8)
0.0000,0,1,2.3856,1
(0.1064,1,0),(0.2154,2,0),(0.3244,3,0),(0.4334,4,0),(0.5424,5,0),(0.6514,6,0),(0.7604,7,0),(0.8684,7,1),(0.9793,3),(1.0911,9,2),(1.1991,9,3),(1.3071,9,4),(1.4151,9,5),(1.5231,9,6),(1.6321,10,6),(1.7411,11,6),(1.8501,12,6),(1.9581,12,7),(2.0661,12,8),(2.1751,13,8)
0.0000,0,2,2.5951,3
(0.1058,0,1),(0.2138,0,2),(0.3218,0,3),(0.4298,0,4),(0.5377,7),(0.6421,-1,5),(0.7501,-1,6),(0.8581,-1,7),(0.9661,-1,8),(1.0741,-1,9),(1.1821,-1,10),(1.2901,-1,11),(1.3981,-1,12),(1.5071,-2,12),(1.6161,-3,12),(1.7251,-4,12),(1.8341,-5,12),(1.9431,-6,12),(2.0511,-6,13),(2.1599,0),(2.2713,-8,14),(2.3803,-9,14),(2.4893,-10,14)
0.0000,0,2,2.7065,3
(0.2116,0,1),(0.3218,0,2),(0.4298,0,3),(0.5378,0,4),(0.6457,7),(0.7501,-1,5),(0.8581,-1,6),(0.9661,-1,7),(1.0741,-1,8),(1.1821,-1,9),(1.2901,-1,10),(1.3981,-1,11),(1.5061,-1,12),(1.6141,-1,13),(1.7231,-2,13),(1.8321,-3,13),(1.9411,-4,13),(2.0501,-5,13),(2.1591,-6,13),(2.2688,0),(2.3827,-8,14),(2.4917,-9,14),(2.6007,-10,14)
0.0000,0,2,2.8144,3
(0.1065,0,0),(0.2145,0,1),(0.3235,-1,1),(0.4315,-1,2),(0.5405,-2,2),(0.6485,-2,3),(0.7565,-2,4),(0.8645,-2,5),(0.9725,-2,6),(1.0805,-2,7),(1.1885,-2,8),(1.2965,-2,9),(1.4045,-2,10),(1.5125,-2,11),(1.6215,-3,11),(1.7305,-4,11),(1.8395,-5,11),(1.9485,-6,11),(2.0565,-6,12),(2.1645,-6,13),(2.2735,-7,13),(2.3825,-8,13),(2.4915,-9,13),(2.6005,-10,13),(2.7085,-10,14)
0.0000,0,2,2.8154,1
(0.1058,1,1),(0.2138,1,2),(0.3218,1,3),(0.4298,1,4),(0.5378,1,5),(0.6458,1,6),(0.7538,1,7),(0.8618,1,8),(0.9708,0,8),(1.0798,-1,8),(1.1888,-2,8),(1.2978,-3,8),(1.4068,-4,8),(1.5158,-5,8),(1.6248,-6,8),(1.7338,-7,8),(1.8428,-8,8),(1.9518,-9,8),(2.0608,-10,8),(2.1695,1),(2.2791,-11,10),(2.3871,-11,11),(2.4951,-11,12),(2.6031,-11,13),(2.7111,-11,14)
4.7000,0,1,2.2699,3
(4.8042,0,1),(4.9132,1,1),(5.0222,2,1),(5.1312,3,1),(5.2402,4,1),(5.3492,5,1),(5.4582,6,1),(5.5672,7,1),(5.6752,3),(5.7804,8,2),(5.8894,6),(6.0005,10,3),(6.1095,11,3),(6.2173,2),(6.3228,12,4),(6.4308,12,5),(6.5388,12,6),(6.6468,12,7),(6.7548,12,8),(6.8638,13,8)
4.7000,0,1,2.3811,3
(4.9085,0,1),(5.0165,0,2),(5.1255,1,2),(5.2345,2,2),(5.3435,3,2),(5.4525,4,2),(5.5615,5,2),(5.6705,6,2),(5.7795,7,2),(5.8885,8,2),(5.9982,6),(6.1117,10,3),(6.2207,11,3),(6.3284,2),(6.4340,12,4),(6.5420,12,5),(6.6500,12,6),(6.7580,12,7),(6.8660,12,8),(6.9750,13,8)
4.7000,0,1,2.4883,3
(4.8051,0,0),(4.9141,1,0),(5.0221,1,1),(5.1301,1,2),(5.2381,1,3),(5.3461,1,4),(5.4541,1,5),(5.5618,4),(5.6672,2,6),(5.7752,2,7),(5.8842,3,7),(5.9932,4,7),(6.1022,5,7),(6.2112,6,7),(6.3202,7,7),(6.4292,8,7),(6.5382,9,7),(6.6472,10,7),(6.7562,11,7),(6.8652,12,7),(6.9742,13,7),(7.0822,13,8)
4.7000,0,1,2.5944,1
(5.0127,0,1),(5.1217,1,1),(5.2307,2,1),(5.3397,3,1),(5.4487,4,1),(5.5577,5,1),(5.6667,6,1),(5.7757,7,1),(5.8847,8,1),(5.9937,9,1),(6.1045,6),(6.2229,10,3),(6.3319,11,3),(6.4396,2),(6.5453,12,4),(6.6533,12,5),(6.7613,12,6),(6.8693,12,7),(6.9773,12,8),(7.0863,13,8)
4.7000,0,2,2.4931,3
(4.8042,0,1),(4.9122,0,2),(5.0202,0,3),(5.1282,0,4),(5.2381,7),(5.3480,-2,5),(5.4560,-2,6),(5.5640,-2,7),(5.6720,-2,8),(5.7810,-3,8),(5.8900,-4,8),(5.9990,-5,8),(6.1080,-6,8),(6.2170,-7,8),(6.3260,-8,8),(6.4350,-9,8),(6.5440,-10,8),(6.6540,1),(6.7628,-11,10),(6.8708,-11,11),(6.9788,-11,12),(7.0868,-11,13)
4.7000,0,2,2.6032,3
(4.9085,0,1),(5.0202,0,2),(5.1282,0,3),(5.2362,0,4),(5.3481,7),(5.4579,-2,5),(5.5659,-2,6),(5.6739,-2,7),(5.7829,-3,7),(5.8919,-4,7),(6.0009,-5,7),(6.1099,-6,7),(6.2189,-7,7),(6.3279,-8,7),(6.4369,-9,7),(6.5459,-10,7),(6.6554,5),(6.7641,1),(6.8729,-11,10),(6.9809,-11,11),(7.0889,-11,12),(7.1969,-11,13)
4.7000,0,2,2.7119,3
(4.8051,0,0),(4.9131,0,1),(5.0221,-1,1),(5.1301,-1,2),(5.2381,-1,3),(5.3461,-1,4),(5.4541,-1,5),(5.5621,-1,6),(5.6701,-1,7),(5.7781,-1,8),(5.8871,-2,8),(5.9961,-3,8),(6.1051,-4,8),(6.2141,-5,8),(6.3231,-6,8),(6.4321,-7,8),(6.5411,-8,8),(6.6501,-9,8),(6.7591,-10,8),(6.8693,1),(6.9817,-11,10),(7.0897,-11,11),(7.1977,-11,12),(7.3057,-11,13)
4.7000,0,2,2.8180,1
(5.0127,0,1),(5.1282,0,2),(5.2362,0,3),(5.3442,0,4),(5.4581,7),(5.5678,-2,5),(5.6758,-2,6),(5.7838,-2,7),(5.8918,-2,8),(5.9998,-2,9),(6.1078,-2,10),(6.2158,-2,11),(6.3238,-2,12),(6.4318,-2,13),(6.5408,-3,13),(6.6498,-4,13),(6.7588,-5,13),(6.8678,-6,13),(6.9789,0),(7.0884,-8,14),(7.1974,-9,14),(7.3064,-10,14),(7.4154,-11,14)
16.4000,0,1,2.0605,3
(16.5052,0,1),(16.6142,1,1),(16.7232,2,1),(16.8322,3,1),(16.9412,4,1),(17.0502,5,1),(17.1592,6,1),(17.2696,3),(17.3797,8,2),(17.4837,6),(17.5922,9,3),(17.7012,10,3),(17.8114,2),(17.9218,12,4),(18.0298,12,5),(18.1378,12,6),(18.2458,12,7),(18.3538,12,8)
16.4000,0,1,2.1710,3
(16.5059,0,0),(16.6149,1,0),(16.7239,2,0),(16.8329,3,0),(16.9419,4,0),(17.0509,5,0),(17.1599,6,0),(17.2679,6,1),(17.3801,3),(17.4901,8,2),(17.5941,6),(17.7027,9,3),(17.8116,10,3),(17.9218,2),(18.0323,12,4),(18.1403,12,5),(18.2483,12,6),(18.3563,12,7),(18.4643,12,8)
16.4000,0,1,2.2777,3
(16.6104,0,1),(16.7184,0,2),(16.8264,0,3),(16.9344,0,4),(17.0424,0,5),(17.1530,4),(17.2624,2,6),(17.3704,2,7),(17.4784,2,8),(17.5874,3,8),(17.6964,4,8),(17.8054,5,8),(17.9144,6,8),(18.0234,7,8),(18.1324,8,8),(18.2414,9,8),(18.3504,10,8),(18.4594,11,8),(18.5684,12,8)
16.4000,0,1,2.3843,1
(16.5065,-1,1),(16.6155,0,1),(16.7245,1,1),(16.8335,2,1),(16.9425,3,1),(17.0515,4,1),(17.1605,5,1),(17.2695,6,1),(17.3785,7,1),(17.4875,8,1),(17.5986,6),(17.8112,9,3),(17.9206,10,3),(18.0320,2),(18.1429,12,4),(18.2509,12,5),(18.3589,12,6),(18.4669,12,7),(18.5749,12,8)
16.4000,0,2,2.6981,3
(16.5065,-1,1),(16.6145,-1,2),(16.7225,-1,3),(16.8305,-1,4),(16.9377,7),(17.0426,-2,5),(17.1506,-2,6),(17.2586,-2,7),(17.3666,-2,8),(17.4746,-2,9),(17.5826,-2,10),(17.6906,-2,11),(17.7986,-2,12),(17.9066,-2,13),(18.0156,-3,13),(18.1246,-4,13),(18.2336,-5,13),(18.3426,-6,13),(18.4516,-7,13),(18.5596,0),(18.6660,-8,14),(18.7750,-9,14),(18.8840,-10,14),(18.9930,-11,14)
16.4000,0,2,2.8071,3
(16.5052,0,1),(16.6132,0,2),(16.7212,0,3),(16.8292,0,4),(16.9382,-1,4),(17.0454,7),(17.1503,-2,5),(17.2593,-3,5),(17.3673,-3,6),(17.4753,-3,7),(17.5833,-3,8),(17.6913,-3,9),(17.7993,-3,10),(17.9073,-3,11),(18.0153,-3,12),(18.1243,-4,12),(18.2333,-5,12),(18.3423,-6,12),(18.4513,-7,12),(18.5593,-7,13),(18.6677,0),(18.7741,-8,14),(18.8840,-9,14),(18.9930,-10,14),(19.1020,-11,14)
16.4000,0,2,2.8143,3
(16.6129,-1,1),(16.7219,-2,1),(16.8299,-2,2),(16.9379,-2,3),(17.0459,-2,4),(17.1539,-2,5),(17.2619,-2,6),(17.3699,-2,7),(17.4779,-2,8),(17.5869,-3,8),(17.6959,-4,8),(17.8049,-5,8),(17.9139,-6,8),(18.0229,-7,8),(18.1319,-8,8),(18.2409,-9,8),(18.3499,-10,8),(18.4589,-11,8),(18.5673,1),(18.6773,-12,10),(18.7853,-12,11),(18.8933,-12,12),(19.0013,-12,13),(19.1093,-12,14)
16.4000,0,2,2.9162,1
(16.7193,-1,1),(16.8273,-1,2),(16.9353,-1,3),(17.0433,-1,4),(17.1527,7),(17.2575,-2,5),(17.3683,-3,5),(17.4763,-3,6),(17.5843,-3,7),(17.6923,-3,8),(17.8003,-3,9),(17.9083,-3,10),(18.0163,-3,11),(18.1243,-3,12),(18.2323,-3,13),(18.3413,-4,13),(18.4503,-5,13),(18.5593,-6,13),(18.6683,-7,13),(18.7764,0),(18.8828,-8,14),(18.9930,-9,14),(19.1020,-10,14),(19.2110,-11,14)
0.0000,1,0,2.0620,3
(0.1068,13,8),(0.2148,13,7),(0.3228,13,6),(0.4308,13,5),(0.5388,13,4),(0.6496,2),(0.7594,11,3),(0.8684,10,3),(0.9774,6),(1.0810,9,2),(1.1918,3),(1.3015,7,1),(1.4105,6,1),(1.5195,5,1),(1.6285,4,1),(1.7375,3,1),(1.8465,2,1),(1.9555,1,1)
0.0000,1,0,2.1728,3
(0.1037,13,9),(0.2117,13,8),(0.3207,12,8),(0.4287,12,7),(0.5367,12,6),(0.6447,12,5),(0.7560,2),(0.8692,11,3),(0.9782,10,3),(1.0873,6),(1.1985,8,2),(1.3026,3),(1.4122,7,1),(1.5212,6,1),(1.6302,5,1),(1.7392,4,1),(1.8482,3,1),(1.9572,2,1),(2.0662,1,1)
0.0000,1,0,2.2794,3
(0.2135,13,8),(0.3228,13,7),(0.4318,12,7),(0.5408,11,7),(0.6488,11,6),(0.7578,10,6),(0.8668,9,6),(0.9758,8,6),(1.0848,7,6),(1.1938,6,6),(1.3028,5,6),(1.4118,4,6),(1.5208,3,6),(1.6312,4),(1.7406,1,5),(1.8486,1,4),(1.9566,1,3),(2.0646,1,2),(2.1726,1,1)
0.0000,1,0,2.3861,1
(0.2074,13,9),(0.3197,13,8),(0.4308,13,7),(0.5388,13,6),(0.6468,13,5),(0.7548,13,4),(0.8657,2),(0.9790,11,3),(1.0880,10,3),(1.1971,6),(1.3006,9,2),(1.4115,3),(1.5217,7,1),(1.6307,6,1),(1.7397,5,1),(1.8487,4,1),(1.9577,3,1),(2.0667,2,1),(2.1757,1,1)
0.0000,1,2,3.1510,3
(0.1037,13,9),(0.2117,13,10),(0.3207,12,10),(0.4297,11,10),(0.5387,10,10),(0.6467,10,11),(0.7547,10,12),(0.8627,10,13),(0.9717,9,13),(1.0807,8,13),(1.1897,7,13),(1.2987,6,13),(1.4077,5,13),(1.5167,4,13),(1.6257,3,13),(1.7347,2,13),(1.8437,1,13),(1.9527,0,13),(2.0617,-1,13),(2.1707,-2,13),(2.2797,-3,13),(2.3887,-4,13),(2.4977,-5,13),(2.6067,-6,13),(2.7158,0),(2.8270,-8,14),(2.9360,-9,14),(3.0450,-10,14)
0.0000,1,2,3.2621,3
(0.2074,13,9),(0.3164,12,9),(0.4254,11,9),(0.5334,11,10),(0.6414,11,11),(0.7494,11,12),(0.8584,10,12),(0.9674,9,12),(1.0764,8,12),(1.1854,7,12),(1.2944,6,12),(1.4034,5,12),(1.5124,4,12),(1.6214,3,12),(1.7304,2,12),(1.8394,1,12),(1.9484,0,12),(2.0574,-1,12),(2.1664,-2,12),(2.2754,-3,12),(2.3844,-4,12),(2.4934,-5,12),(2.6024,-6,12),(2.7114,-7,12),(2.8214,0),(2.9381,-8,14),(3.0471,-9,14),(3.1561,-10,14)
0.0000,1,2,3.2631,3
(0.1068,13,8),(0.2158,12,8),(0.3248,11,8),(0.4338,10,8),(0.5428,9,8),(0.6518,8,8),(0.7608,7,8),(0.8698,6,8),(0.9788,5,8),(1.0878,4,8),(1.1968,3,8),(1.3058,2,8),(1.4148,1,8),(1.5238,0,8),(1.6328,-1,8),(1.7418,-2,8),(1.8508,-3,8),(1.9598,-4,8),(2.0688,-5,8),(2.1778,-6,8),(2.2868,-7,8),(2.3958,-8,8),(2.5048,-9,8),(2.6138,-10,8),(2.7227,1),(2.8322,-11,10),(2.9402,-11,11),(3.0482,-11,12),(3.1562,-11,13)
0.0000,1,2,3.3686,1
(0.1065,14,9),(0.2145,14,10),(0.3235,13,10),(0.4325,12,10),(0.5405,12,11),(0.6485,12,12),(0.7565,12,13),(0.8655,11,13),(0.9745,10,13),(1.0835,9,13),(1.1925,8,13),(1.3015,7,13),(1.4105,6,13),(1.5195,5,13),(1.6285,4,13),(1.7375,3,13),(1.8465,2,13),(1.9555,1,13),(2.0645,0,13),(2.1735,-1,13),(2.2825,-2,13),(2.3915,-3,13),(2.5005,-4,13),(2.6095,-5,13),(2.7185,-6,13),(2.8275,-7,13),(2.9365,-8,13),(3.0455,-9,13),(3.1545,-10,13),(3.2625,-10,14)
4.7000,1,0,2.2692,3
(4.8061,13,8),(4.9141,13,7),(5.0221,13,6),(5.1301,13,5),(5.2381,13,4),(5.3471,12,4),(5.4524,2),(5.5604,11,3),(5.6694,10,3),(5.7804,6),(5.8894,8,2),(5.9947,3),(6.1025,7,1),(6.2115,6,1),(6.3205,5,1),(6.4295,4,1),(6.5385,3,1),(6.6475,2,1),(6.7565,1,1),(6.8655,0,1)
4.7000,1,0,2.3803,3
(4.8023,13,9),(4.9103,13,8),(5.0193,12,8),(5.1273,12,7),(5.2353,12,6),(5.3433,12,5),(5.4513,12,4),(5.5603,11,4),(5.6693,10,4),(5.7773,10,3),(5.8915,6),(6.0004,8,2),(6.1058,3),(6.2135,7,1),(6.3225,6,1),(6.4315,5,1),(6.5405,4,1),(6.6495,3,1),(6.7585,2,1),(6.8675,1,1),(6.9765,0,1)
4.7000,1,0,2.4867,3
(4.9122,13,8),(5.0221,13,7),(5.1301,13,6),(5.2391,12,6),(5.3481,11,6),(5.4571,10,6),(5.5661,9,6),(5.6751,8,6),(5.7841,7,6),(5.8931,6,6),(6.0021,5,6),(6.1111,4,6),(6.2201,3,6),(6.3291,2,6),(6.4347,4),(6.5419,1,5),(6.6499,1,4),(6.7579,1,3),(6.8659,1,2),(6.9749,0,2),(7.0829,0,1)
4.7000,1,0,2.5904,1
(4.9046,13,9),(5.0136,12,9),(5.1216,12,8),(5.2306,11,8),(5.3386,11,7),(5.4466,11,6),(5.5546,11,5),(5.6626,11,4),(5.7706,11,3),(5.8796,10,3),(6.0027,6),(6.1115,8,2),(6.2169,3),(6.3246,7,1),(6.4336,6,1),(6.5426,5,1),(6.6516,4,1),(6.7606,3,1),(6.8696,2,1),(6.9786,1,1),(7.0876,0,1)
4.7000,1,2,3.2553,3
(4.8023,13,9),(4.9103,13,10),(5.0183,13,11),(5.1263,13,12),(5.2353,12,12),(5.3443,11,12),(5.4533,10,12),(5.5623,9,12),(5.6713,8,12),(5.7803,7,12),(5.8893,6,12),(5.9983,5,12),(6.1073,4,12),(6.2163,3,12),(6.3253,2,12),(6.4343,1,12),(6.5433,0,12),(6.6523,-1,12),(6.7613,-2,12),(6.8703,-3,12),(6.9793,-4,12),(7.0883,-5,12),(7.1973,-6,12),(7.3063,-7,12),(7.4166,0),(7.5259,-8,14),(7.6349,-9,14),(7.7439,-10,14),(7.8529,-11,14)
4.7000,1,2,3.2623,3
(4.8061,13,8),(4.9151,12,8),(5.0241,11,8),(5.1331,10,8),(5.2421,9,8),(5.3511,8,8),(5.4601,7,8),(5.5691,6,8),(5.6781,5,8),(5.7871,4,8),(5.8961,3,8),(6.0051,2,8),(6.1141,1,8),(6.2231,0,8),(6.3321,-1,8),(6.4411,-2,8),(6.5501,-3,8),(6.6591,-4,8),(6.7681,-5,8),(6.8771,-6,8),(6.9861,-7,8),(7.0951,-8,8),(7.2041,-9,8),(7.3131,-10,8),(7.4235,1),(7.5322,-11,10),(7.6402,-11,11),(7.7482,-11,12),(7.8562,-11,13)
4.7000,1,2,3.3646,3
(4.9046,13,9),(5.0136,12,9),(5.1216,12,10),(5.2296,12,11),(5.3376,12,12),(5.4456,12,13),(5.5546,11,13),(5.6636,10,13),(5.7726,9,13),(5.8816,8,13),(5.9906,7,13),(6.0996,6,13),(6.2086,5,13),(6.3176,4,13),(6.4266,3,13),(6.5356,2,13),(6.6446,1,13),(6.7536,0,13),(6.8626,-1,13),(6.9716,-2,13),(7.0806,-3,13),(7.1896,-4,13),(7.2986,-5,13),(7.4076,-6,13),(7.5191,0),(7.6351,-8,14),(7.7441,-9,14),(7.8531,-10,14),(7.9621,-11,14)
4.7000,1,2,3.3727,1
(4.9122,13,8),(5.0241,12,8),(5.1331,11,8),(5.2421,10,8),(5.3511,9,8),(5.4601,8,8),(5.5691,7,8),(5.6781,6,8),(5.7871,5,8),(5.8961,4,8),(6.0051,3,8),(6.1141,2,8),(6.2231,1,8),(6.3321,0,8),(6.4411,-1,8),(6.5501,-2,8),(6.6591,-3,8),(6.7681,-4,8),(6.8771,-5,8),(6.9861,-6,8),(7.0951,-7,8),(7.2041,-8,8),(7.3131,-9,8),(7.4221,-10,8),(7.5338,1),(7.6425,-11,10),(7.7505,-11,11),(7.8585,-11,12),(7.9665,-11,13)
16.4000,1,0,2.1667,3
(16.5044,12,9),(16.6124,12,8),(16.7204,12,7),(16.8284,12,6),(16.9364,12,5),(17.0444,12,4),(17.1545,2),(17.2650,10,3),(17.3740,9,3),(17.4824,6),(17.5864,8,2),(17.6966,3),(17.8068,6,1),(17.9158,5,1),(18.0248,4,1),(18.1338,3,1),(18.2428,2,1),(18.3518,1,1),(18.4608,0,1)
16.4000,1,0,2.2772,3
(16.6088,12,9),(16.7178,11,9),(16.8258,11,8),(16.9338,11,7),(17.0418,11,6),(17.1498,11,5),(17.2610,2),(17.3754,10,3),(17.4844,9,3),(17.5929,6),(17.6968,8,2),(17.8070,3),(17.9172,6,1),(18.0262,5,1),(18.1352,4,1),(18.2442,3,1),(18.3532,2,1),(18.4622,1,1),(18.5712,0,1)
16.4000,1,0,2.3866,3
(16.5057,13,9),(16.6137,13,8),(16.7217,13,7),(16.8297,13,6),(16.9387,12,6),(17.0477,11,6),(17.1567,10,6),(17.2657,9,6),(17.3747,8,6),(17.4837,7,6),(17.5927,6,6),(17.7017,5,6),(17.8107,4,6),(17.9197,3,6),(18.0287,2,6),(18.1385,4),(18.2486,0,5),(18.3566,0,4),(18.4646,0,3),(18.5726,0,2),(18.6806,0,1)
16.4000,1,0,2.4927,1
(16.7131,12,9),(16.8211,12,8),(16.9291,12,7),(17.0371,12,6),(17.1451,12,5),(17.2531,12,4),(17.3633,2),(17.4857,10,3),(17.5947,9,3),(17.7033,6),(17.8072,8,2),(17.9174,3),(18.0276,6,1),(18.1366,5,1),(18.2456,4,1),(18.3546,3,1),(18.4636,2,1),(18.5726,1,1),(18.6816,0,1)
16.4000,1,2,3.2544,3
(16.5044,12,9),(16.6124,12,10),(16.7204,12,11),(16.8284,12,12),(16.9364,12,13),(17.0454,11,13),(17.1544,10,13),(17.2634,9,13),(17.3724,8,13),(17.4814,7,13),(17.5904,6,13),(17.6994,5,13),(17.8084,4,13),(17.9174,3,13),(18.0264,2,13),(18.1354,1,13),(18.2444,0,13),(18.3534,-1,13),(18.4624,-2,13),(18.5714,-3,13),(18.6804,-4,13),(18.7894,-5,13),(18.8984,-6,13),(19.0074,-7,13),(19.1157,0),(19.2220,-8,14),(19.3310,-9,14),(19.4400,-10,14),(19.5490,-11,14)
16.4000,1,2,3.3611,3
(16.6088,12,9),(16.7178,11,9),(16.8258,11,10),(16.9338,11,11),(17.0418,11,12),(17.1508,10,12),(17.2598,9,12),(17.3688,8,12),(17.4778,7,12),(17.5868,6,12),(17.6958,5,12),(17.8048,4,12),(17.9138,3,12),(18.0228,2,12),(18.1318,1,12),(18.2408,0,12),(18.3498,-1,12),(18.4588,-2,12),(18.5678,-3,12),(18.6768,-4,12),(18.7858,-5,12),(18.8948,-6,12),(19.0038,-7,12),(19.1118,-7,13),(19.2208,-8,13),(19.3298,-9,13),(19.4388,-10,13),(19.5478,-11,13),(19.6558,-11,14)
16.4000,1,2,3.4665,3
(16.5057,13,9),(16.6137,13,10),(16.7217,13,11),(16.8297,13,12),(16.9377,13,13),(17.0467,12,13),(17.1557,11,13),(17.2647,10,13),(17.3737,9,13),(17.4827,8,13),(17.5917,7,13),(17.7007,6,13),(17.8097,5,13),(17.9187,4,13),(18.0277,3,13),(18.1367,2,13),(18.2457,1,13),(18.3547,0,13),(18.4637,-1,13),(18.5727,-2,13),(18.6817,-3,13),(18.7907,-4,13),(18.8997,-5,13),(19.0087,-6,13),(19.1177,-7,13),(19.2260,0),(19.3324,-8,14),(19.4414,-9,14),(19.5504,-10,14),(19.6594,-11,14)
16.4000,1,2,3.5720,1
(16.7131,12,9),(16.8211,12,10),(16.9291,12,11),(17.0381,11,11),(17.1471,10,11),(17.2561,9,11),(17.3651,8,11),(17.4741,7,11),(17.5831,6,11),(17.6921,5,11),(17.8011,4,11),(17.9101,3,11),(18.0191,2,11),(18.1281,1,11),(18.2371,0,11),(18.3461,-1,11),(18.4551,-2,11),(18.5641,-3,11),(18.6731,-4,11),(18.7821,-5,11),(18.8911,-6,11),(19.0001,-7,11),(19.1081,-7,12),(19.2171,-8,12),(19.3261,-9,12),(19.4351,-10,12),(19.5441,-11,12),(19.6521,-11,13),(19.7638,-11,14)
0.0000,2,0,2.5949,3
(0.1046,-10,14),(0.2136,-9,14),(0.3226,-8,14),(0.4316,-7,14),(0.5380,0),(0.6461,-6,13),(0.7541,-6,12),(0.8621,-6,11),(0.9701,-6,10),(1.0781,-6,9),(1.1861,-6,8),(1.2941,-6,7),(1.4021,-6,6),(1.5101,-6,5),(1.6191,-5,5),(1.7281,-4,5),(1.8371,-3,5),(1.9461,-2,5),(2.0575,7),(2.1660,0,4),(2.2740,0,3),(2.3820,0,2),(2.4900,0,1)
0.0000,2,0,2.7035,3
(0.1055,-11,14),(0.2135,-11,13),(0.3215,-11,12),(0.4295,-11,11),(0.5375,-11,10),(0.6475,1),(0.7559,-10,8),(0.8639,-10,7),(0.9719,-10,6),(1.0809,-9,6),(1.1899,-8,6),(1.2989,-7,6),(1.4079,-6,6),(1.5169,-5,6),(1.6259,-4,6),(1.7349,-3,6),(1.8439,-2,6),(1.9529,-1,6),(2.0609,-1,5),(2.1650,7),(2.2746,0,4),(2.3826,0,3),(2.4906,0,2),(2.5986,0,1)
0.0000,2,0,2.8083,3
(0.2093,-10,14),(0.3173,-10,13),(0.4263,-9,13),(0.5343,-9,12),(0.6423,-9,11),(0.7503,-9,10),(0.8583,-9,9),(0.9663,-9,8),(1.0743,-9,7),(1.1823,-9,6),(1.2903,-9,5),(1.3983,-9,4),(1.5063,-9,3),(1.6143,-9,2),(1.7233,-8,2),(1.8323,-7,2),(1.9413,-6,2),(2.0493,-6,1),(2.1583,-5,1),(2.2673,-4,1),(2.3763,-3,1),(2.4853,-2,1),(2.5943,-1,1),(2.7033,0,1)
0.0000,2,0,2.9131,1
(0.2109,-11,14),(0.3215,-11,13),(0.4295,-11,12),(0.5375,-11,11),(0.6455,-11,10),(0.7535,-11,9),(0.8646,5),(0.9728,-10,7),(1.0818,-9,7),(1.1908,-8,7),(1.2998,-7,7),(1.4088,-6,7),(1.5178,-5,7),(1.6268,-4,7),(1.7358,-3,7),(1.8448,-2,7),(1.9528,-2,6),(2.0608,-2,5),(2.1721,7),(2.3832,0,4),(2.4912,0,3),(2.5992,0,2),(2.7072,0,1)
0.0000,2,1,3.2518,3
(0.1046,-10,14),(0.2136,-9,14),(0.3226,-8,14),(0.4316,-7,14),(0.5380,0),(0.6461,-6,13),(0.7541,-6,12),(0.8621,-6,11),(0.9701,-6,10),(1.0781,-6,9),(1.1871,-5,9),(1.2961,-4,9),(1.4051,-3,9),(1.5141,-2,9),(1.6231,-1,9),(1.7321,0,9),(1.8411,1,9),(1.9501,2,9),(2.0591,3,9),(2.1681,4,9),(2.2771,5,9),(2.3861,6,9),(2.4951,7,9),(2.6041,8,9),(2.7131,9,9),(2.8221,10,9),(2.9311,11,9),(3.0401,12,9),(3.1491,13,9)
0.0000,2,1,3.3589,3
(0.2093,-10,14),(0.3173,-10,13),(0.4263,-9,13),(0.5343,-9,12),(0.6423,-9,11),(0.7503,-9,10),(0.8593,-8,10),(0.9683,-7,10),(1.0773,-6,10),(1.1863,-5,10),(1.2953,-4,10),(1.4043,-3,10),(1.5133,-2,10),(1.6223,-1,10),(1.7313,0,10),(1.8403,1,10),(1.9493,2,10),(2.0583,3,10),(2.1673,4,10),(2.2763,5,10),(2.3853,6,10),(2.4943,7,10),(2.6033,8,10),(2.7123,9,10),(2.8213,10,10),(2.9303,11,10),(3.0393,12,10),(3.1483,13,10),(3.2563,13,9)
0.0000,2,1,3.3691,3
(0.1055,-11,14),(0.2135,-11,13),(0.3215,-11,12),(0.4295,-11,11),(0.5375,-11,10),(0.6475,1),(0.7559,-10,8),(0.8649,-9,8),(0.9739,-8,8),(1.0829,-7,8),(1.1919,-6,8),(1.3009,-5,8),(1.4099,-4,8),(1.5189,-3,8),(1.6279,-2,8),(1.7369,-1,8),(1.8459,0,8),(1.9549,1,8),(2.0639,2,8),(2.1729,3,8),(2.2819,4,8),(2.3909,5,8),(2.4999,6,8),(2.6089,7,8),(2.7179,8,8),(2.8269,9,8),(2.9359,10,8),(3.0449,11,8),(3.1539,12,8),(3.2629,13,8)
0.0000,2,1,3.4615,1
(0.3140,-10,14),(0.4230,-9,14),(0.5320,-8,14),(0.6410,-7,14),(0.7474,0),(0.8556,-6,13),(0.9636,-6,12),(1.0716,-6,11),(1.1806,-5,11),(1.2896,-4,11),(1.3986,-3,11),(1.5076,-2,11),(1.6166,-1,11),(1.7256,0,11),(1.8346,1,11),(1.9426,1,10),(2.0506,1,9),(2.1596,2,9),(2.2686,3,9),(2.3776,4,9),(2.4866,5,9),(2.5956,6,9),(2.7046,7,9),(2.8136,8,9),(2.9226,9,9),(3.0316,10,9),(3.1406,11,9),(3.2496,12,9),(3.3586,13,9)
4.7000,2,0,2.4929,3
(4.8068,-10,14),(4.9158,-9,14),(5.0248,-8,14),(5.1350,0),(5.2453,-6,13),(5.3533,-6,12),(5.4613,-6,11),(5.5693,-6,10),(5.6773,-6,9),(5.7853,-6,8),(5.8933,-6,7),(6.0013,-6,6),(6.1093,-6,5),(6.2183,-5,5),(6.3273,-4,5),(6.4363,-3,5),(6.5453,-2,5),(6.6545,7),(6.7651,0,4),(6.8731,0,3),(6.9811,0,2),(7.0891,0,1)
4.7000,2,0,2.5991,3
(4.8066,-11,13),(4.9146,-11,12),(5.0226,-11,11),(5.1306,-11,10),(5.2397,1),(5.3493,-10,8),(5.4573,-10,7),(5.5653,-10,6),(5.6733,-10,5),(5.7813,-10,4),(5.8893,-10,3),(5.9973,-10,2),(6.1053,-10,1),(6.2143,-9,1),(6.3233,-8,1),(6.4323,-7,1),(6.5413,-6,1),(6.6503,-5,1),(6.7593,-4,1),(6.8683,-3,1),(6.9773,-2,1),(7.0863,-1,1),(7.1953,0,1)
4.7000,2,0,2.7028,3
(4.8035,-11,14),(4.9115,-11,13),(5.0226,-11,12),(5.1306,-11,11),(5.2386,-11,10),(5.3466,-11,9),(5.4567,5),(5.5659,-10,7),(5.6739,-10,6),(5.7829,-9,6),(5.8919,-8,6),(6.0009,-7,6),(6.1099,-6,6),(6.2189,-5,6),(6.3279,-4,6),(6.4369,-3,6),(6.5459,-2,6),(6.6539,-2,5),(6.7637,7),(6.8758,0,4),(6.9838,0,3),(7.0918,0,2),(7.1998,0,1)
4.7000,2,0,2.8065,1
(4.9136,-10,14),(5.0248,-9,14),(5.1338,-8,14),(5.2452,0),(5.3557,-6,13),(5.4637,-6,12),(5.5717,-6,11),(5.6797,-6,10),(5.7877,-6,9),(5.8957,-6,8),(6.0037,-6,7),(6.1117,-6,6),(6.2197,-6,5),(6.3277,-6,4),(6.4357,-6,3),(6.5437,-6,2),(6.6517,-6,1),(6.7607,-5,1),(6.8697,-4,1),(6.9787,-3,1),(7.0877,-2,1),(7.1967,-1,1),(7.3057,0,1)
4.7000,2,1,3.1507,3
(4.8068,-10,14),(4.9158,-9,14),(5.0248,-8,14),(5.1350,0),(5.2453,-6,13),(5.3533,-6,12),(5.4613,-6,11),(5.5693,-6,10),(5.6773,-6,9),(5.7863,-5,9),(5.8953,-4,9),(6.0043,-3,9),(6.1133,-2,9),(6.2223,-1,9),(6.3313,0,9),(6.4403,1,9),(6.5493,2,9),(6.6583,3,9),(6.7673,4,9),(6.8763,5,9),(6.9853,6,9),(7.0943,7,9),(7.2033,8,9),(7.3123,9,9),(7.4213,10,9),(7.5303,11,9),(7.6393,12,9),(7.7483,13,9)
4.7000,2,1,3.2571,3
(4.8066,-11,13),(4.9146,-11,12),(5.0226,-11,11),(5.1306,-11,10),(5.2396,-10,10),(5.3486,-9,10),(5.4576,-8,10),(5.5666,-7,10),(5.6756,-6,10),(5.7846,-5,10),(5.8936,-4,10),(6.0026,-3,10),(6.1116,-2,10),(6.2206,-1,10),(6.3296,0,10),(6.4386,1,10),(6.5476,2,10),(6.6566,3,10),(6.7656,4,10),(6.8746,5,10),(6.9836,6,10),(7.0926,7,10),(7.2016,8,10),(7.3106,9,10),(7.4196,10,10),(7.5286,11,10),(7.6376,12,10),(7.7466,13,10),(7.8546,13,9)
4.7000,2,1,3.3595,3
(4.8035,-11,14),(4.9125,-10,14),(5.0248,-9,14),(5.1338,-8,14),(5.2452,0),(5.3557,-6,13),(5.4637,-6,12),(5.5717,-6,11),(5.6797,-6,10),(5.7877,-6,9),(5.8967,-5,9),(6.0057,-4,9),(6.1147,-3,9),(6.2237,-2,9),(6.3327,-1,9),(6.4417,0,9),(6.5507,1,9),(6.6597,2,9),(6.7687,3,9),(6.8777,4,9),(6.9867,5,9),(7.0957,6,9),(7.2047,7,9),(7.3137,8,9),(7.4227,9,9),(7.5317,10,9),(7.6407,11,9),(7.7497,12,9),(7.8587,13,9)
4.7000,2,1,3.3705,1
(4.9132,-11,13),(5.0226,-11,12),(5.1306,-11,11),(5.2386,-11,10),(5.3476,1),(5.4573,-10,8),(5.5663,-9,8),(5.6753,-8,8),(5.7843,-7,8),(5.8933,-6,8),(6.0023,-5,8),(6.1113,-4,8),(6.2203,-3,8),(6.3293,-2,8),(6.4383,-1,8),(6.5473,0,8),(6.6563,1,8),(6.7653,2,8),(6.8743,3,8),(6.9833,4,8),(7.0923,5,8),(7.2013,6,8),(7.3103,7,8),(7.4193,8,8),(7.5283,9,8),(7.6373,10,8),(7.7463,11,8),(7.8553,12,8),(7.9643,13,8)
16.4000,2,0,2.5937,3
(16.5069,-11,13),(16.6149,-11,12),(16.7229,-11,11),(16.8309,-11,10),(16.9389,-11,9),(17.0469,-11,8),(17.1549,-11,7),(17.2629,-11,6),(17.3709,-11,5),(17.4799,-10,5),(17.5889,-9,5),(17.6979,-8,5),(17.8069,-7,5),(17.9159,-6,5),(18.0249,-5,5),(18.1339,-4,5),(18.2429,-3,5),(18.3519,-2,5),(18.4564,7),(18.5642,-1,4),(18.6722,-1,3),(18.7802,-1,2),(18.8882,-1,1)
16.4000,2,0,2.7003,3
(16.5039,-11,14),(16.6129,-10,14),(16.7219,-9,14),(16.8309,-8,14),(16.9376,0),(17.0449,-7,13),(17.1529,-7,12),(17.2609,-7,11),(17.3689,-7,10),(17.4769,-7,9),(17.5849,-7,8),(17.6929,-7,7),(17.8009,-7,6),(17.9089,-7,5),(18.0169,-7,4),(18.1249,-7,3),(18.2329,-7,2),(18.3409,-7,1),(18.4499,-6,1),(18.5589,-5,1),(18.6679,-4,1),(18.7769,-3,1),(18.8859,-2,1),(18.9949,-1,1)
16.4000,2,0,2.8057,3
(16.6138,-11,13),(16.7228,-10,13),(16.8308,-10,12),(16.9388,-10,11),(17.0468,-10,10),(17.1548,-10,9),(17.2628,-10,8),(17.3708,-10,7),(17.4788,-10,6),(17.5878,-9,6),(17.6968,-8,6),(17.8058,-7,6),(17.9148,-6,6),(18.0238,-5,6),(18.1328,-4,6),(18.2418,-3,6),(18.3508,-2,6),(18.4588,-2,5),(18.5633,7),(18.6721,-1,4),(18.7802,-1,3),(18.8882,-1,2),(18.9962,-1,1)
16.4000,2,0,2.8169,1
(16.5062,-12,14),(16.6142,-12,13),(16.7222,-12,12),(16.8302,-12,11),(16.9382,-12,10),(17.0487,1),(17.1568,-11,8),(17.2648,-11,7),(17.3728,-11,6),(17.4808,-11,5),(17.5888,-11,4),(17.6968,-11,3),(17.8048,-11,2),(17.9128,-11,1),(18.0208,-11,0),(18.1298,-10,0),(18.2388,-9,0),(18.3478,-8,0),(18.4568,-7,0),(18.5658,-6,0),(18.6748,-5,0),(18.7838,-4,0),(18.8928,-3,0),(19.0018,-2,0),(19.1108,-1,0)
16.4000,2,1,3.1491,3
(16.5069,-11,13),(16.6149,-11,12),(16.7229,-11,11),(16.8309,-11,10),(16.9389,-11,9),(17.0479,-10,9),(17.1569,-9,9),(17.2659,-8,9),(17.3749,-7,9),(17.4839,-6,9),(17.5929,-5,9),(17.7019,-4,9),(17.8109,-3,9),(17.9199,-2,9),(18.0289,-1,9),(18.1379,0,9),(18.2469,1,9),(18.3559,2,9),(18.4649,3,9),(18.5739,4,9),(18.6829,5,9),(18.7919,6,9),(18.9009,7,9),(19.0099,8,9),(19.1189,9,9),(19.2279,10,9),(19.3369,11,9),(19.4459,12,9)
16.4000,2,1,3.2522,3
(16.5039,-11,14),(16.6129,-10,14),(16.7219,-9,14),(16.8309,-8,14),(16.9376,0),(17.0449,-7,13),(17.1529,-7,12),(17.2609,-7,11),(17.3689,-7,10),(17.4779,-6,10),(17.5869,-5,10),(17.6959,-4,10),(17.8049,-3,10),(17.9139,-2,10),(18.0229,-1,10),(18.1319,0,10),(18.2409,1,10),(18.3499,2,10),(18.4589,3,10),(18.5679,4,10),(18.6769,5,10),(18.7859,6,10),(18.8949,7,10),(19.0039,8,10),(19.1129,9,10),(19.2219,10,10),(19.3309,11,10),(19.4399,12,10),(19.5479,12,9)
16.4000,2,1,3.3553,3
(16.6138,-11,13),(16.7228,-10,13),(16.8308,-10,12),(16.9388,-10,11),(17.0478,-9,11),(17.1568,-8,11),(17.2658,-7,11),(17.3748,-6,11),(17.4838,-5,11),(17.5928,-4,11),(17.7018,-3,11),(17.8108,-2,11),(17.9198,-1,11),(18.0288,0,11),(18.1378,1,11),(18.2468,2,11),(18.3558,3,11),(18.4648,4,11),(18.5738,5,11),(18.6828,6,11),(18.7918,7,11),(18.9008,8,11),(19.0098,9,11),(19.1188,10,11),(19.2278,11,11),(19.3358,11,10),(19.4438,11,9),(19.5549,12,9)
16.4000,2,1,3.3702,1
(16.5062,-12,14),(16.6142,-12,13),(16.7222,-12,12),(16.8302,-12,11),(16.9382,-12,10),(17.0487,1),(17.1568,-11,8),(17.2658,-10,8),(17.3748,-9,8),(17.4838,-8,8),(17.5928,-7,8),(17.7018,-6,8),(17.8108,-5,8),(17.9198,-4,8),(18.0288,-3,8),(18.1378,-2,8),(18.2468,-1,8),(18.3558,0,8),(18.4648,1,8),(18.5738,2,8),(18.6828,3,8),(18.7918,4,8),(18.9008,5,8),(19.0098,6,8),(19.1188,7,8),(19.2278,8,8),(19.3368,9,8),(19.4458,10,8),(19.5548,11,8),(19.6638,12,8)
