0.0000,0,1,2.0611,3
(0.1057,1,1),(0.2147,2,1),(0.3237,3,1),(0.4327,4,1),(0.5417,5,1),(0.6507,6,1),(0.7597,7,1),(0.8695,3),(0.9803,9,2),(1.0838,6),(1.1929,10,3),(1.3020,11,3),(1.4115,2),(1.5227,13,4),(1.6307,13,5),(1.7387,13,6),(1.8467,13,7),(1.9547,13,8)
0.0000,0,1,2.1724,3
(0.1058,0,1),(0.2148,1,1),(0.3238,2,1),(0.4328,3,1),(0.5418,4,1),(0.6508,5,1),(0.7598,6,1),(0.8688,7,1),(0.9793,3),(1.0911,9,2),(1.1946,6),(1.3038,10,3),(1.4128,11,3),(1.5223,2),(1.6340,13,4),(1.7420,13,5),(1.8500,13,6),(1.9580,13,7),(2.0660,13,8)
0.0000,0,1,2.2787,3
(0.2114,1,1),(0.3194,1,2),(0.4274,1,3),(0.5354,1,4),(0.6434,1,5),(0.7533,4),(0.8634,3,6),(0.9724,4,6),(1.0814,5,6),(1.1904,6,6),(1.2994,7,6),(1.4084,8,6),(1.5174,9,6),(1.6264,10,6),(1.7354,11,6),(1.8434,11,7),(1.9524,12,7),(2.0604,12,8),(2.1694,13,8)
0.0000,0,1,2.3851,1
(0.1065,0,0),(0.2155,1,0),(0.3245,2,0),(0.4335,3,0),(0.5425,4,0),(0.6515,5,0),(0.7605,6,0),(0.8695,7,0),(0.9785,8,0),(1.0875,9,0),(1.1955,9,1),(1.3064,6),(1.4157,10,3),(1.5247,11,3),(1.6342,2),(1.7342,2),(1.8455,12,5),(1.9535,12,6),(2.0615,12,7),(2.1695,12,8),(2.2785,13,8)
0.0000,0,2,2.5951,3
(0.1058,0,1),(0.2138,0,2),(0.3218,0,3),(0.4298,0,4),(0.5377,7),(0.6421,-1,5),(0.7501,-1,6),(0.8591,-2,6),(0.9671,-2,7),(1.0751,-2,8),(1.1841,-3,8),(1.2921,-3,9),(1.4011,-4,9),(1.5091,-4,10),(1.6181,-5,10),(1.7261,-5,11),(1.8351,-6,11),(1.9431,-6,12),(2.0511,-6,13),(2.1599,0),(2.2713,-8,14),(2.3803,-9,14),(2.4893,-10,14)
0.0000,0,2,2.7065,3
(0.1065,0,0),(0.2145,0,1),(0.3225,0,2),(0.4305,0,3),(0.5385,0,4),(0.6464,7),(0.7508,-1,5),(0.8588,-1,6),(0.9681,-2,6),(1.0761,-2,7),(1.1851,-3,7),(1.2931,-3,8),(1.4021,-4,8),(1.5101,-4,9),(1.6181,-4,10),(1.7271,-5,10),(1.8351,-5,11),(1.9441,-6,11),(2.0521,-6,12),(2.1611,-7,12),(2.2711,0),(2.3827,-8,14),(2.4917,-9,14),(2.6007,-10,14)
0.0000,0,2,2.8123,3
(0.2117,0,1),(0.3207,-1,1),(0.4297,-2,1),(0.5387,-3,1),(0.6467,-3,2),(0.7557,-4,2),(0.8637,-4,3),(0.9727,-5,3),(1.0807,-5,4),(1.1897,-6,4),(1.2977,-6,5),(1.4057,-6,6),(1.5147,-7,6),(1.6227,-7,7),(1.7317,-8,7),(1.8397,-8,8),(1.9487,-9,8),(2.0567,-9,9),(2.1657,-10,9),(2.2737,-10,10),(2.3817,-10,11),(2.4897,-10,12),(2.5977,-10,13),(2.7057,-10,14)
0.0000,0,2,2.9182,1
(0.2130,0,0),(0.3225,0,1),(0.4305,0,2),(0.5385,0,3),(0.6465,0,4),(0.7545,7),(0.8588,-1,5),(0.9668,-1,6),(1.0771,-2,6),(1.1851,-2,7),(1.2931,-2,8),(1.4021,-3,8),(1.5101,-3,9),(1.6191,-4,9),(1.7271,-4,10),(1.8361,-5,10),(1.9441,-5,11),(2.0531,-6,11),(2.1611,-6,12),(2.2691,-6,13),(2.3780,0),(2.4780,0),(2.5893,-8,14),(2.6983,-9,14),(2.8073,-10,14)
0.0000,1,0,2.0630,3
(0.1068,13,8),(0.2148,13,7),(0.3228,13,6),(0.4308,13,5),(0.5388,13,4),(0.6496,2),(0.7594,11,3),(0.8684,10,3),(0.9775,6),(1.0887,8,2),(1.1928,3),(1.3024,7,1),(1.4114,6,1),(1.5204,5,1),(1.6294,4,1),(1.7384,3,1),(1.8474,2,1),(1.9564,1,1)
0.0000,1,0,2.1742,3
(0.2136,13,8),(0.3228,13,7),(0.4308,13,6),(0.5388,13,5),(0.6468,13,4),(0.7604,2),(0.8702,11,3),(0.9792,10,3),(1.0883,6),(1.1999,8,2),(1.3040,3),(1.4136,7,1),(1.5226,6,1),(1.6316,5,1),(1.7406,4,1),(1.8496,3,1),(1.9586,2,1),(2.0676,1,1)
0.0000,1,0,2.2808,3
(0.1037,13,9),(0.2127,12,9),(0.3217,11,9),(0.4307,10,9),(0.5397,9,9),(0.6487,8,9),(0.7577,7,9),(0.8667,6,9),(0.9757,5,9),(1.0848,4,9),(1.1928,4,8),(1.3008,4,7),(1.4098,3,7),(1.5178,3,6),(1.6282,4),(1.7395,2,4),(1.8475,2,3),(1.9555,2,2),(2.0645,1,2),(2.1725,1,1)
0.0000,1,0,2.3875,1
(0.3203,13,8),(0.4308,13,7),(0.5388,13,6),(0.6468,13,5),(0.7548,13,4),(0.8713,2),(0.9810,11,3),(1.0900,10,3),(1.1992,6),(1.3110,8,2),(1.4151,3),(1.5247,7,1),(1.6337,6,1),(1.7427,5,1),(1.8517,4,1),(1.9607,3,1),(2.0697,2,1),(2.1787,1,1)
0.0000,1,2,3.1510,3
(0.1037,13,9),(0.2127,12,9),(0.3217,11,9),(0.4307,10,9),(0.5397,9,9),(0.6487,8,9),(0.7577,7,9),(0.8667,6,9),(0.9757,5,9),(1.0848,4,9),(1.1938,3,9),(1.3028,2,9),(1.4118,1,9),(1.5208,0,9),(1.6298,-1,9),(1.7388,-2,9),(1.8478,-3,9),(1.9568,-4,9),(2.0648,-4,10),(2.1738,-5,10),(2.2818,-5,11),(2.3908,-6,11),(2.4988,-6,12),(2.6068,-6,13),(2.7158,0),(2.8270,-8,14),(2.9360,-9,14),(3.0450,-10,14)
0.0000,1,2,3.2622,3
(0.1068,13,8),(0.2158,12,8),(0.3248,11,8),(0.4338,10,8),(0.5428,9,8),(0.6518,8,8),(0.7608,7,8),(0.8698,6,8),(0.9788,5,8),(1.0878,4,8),(1.1968,3,8),(1.3058,2,8),(1.4148,1,8),(1.5238,0,8),(1.6328,-1,8),(1.7418,-2,8),(1.8508,-3,8),(1.9588,-3,9),(2.0678,-4,9),(2.1758,-4,10),(2.2848,-5,10),(2.3928,-5,11),(2.5018,-6,11),(2.6098,-6,12),(2.7178,-6,13),(2.8269,0),(2.9381,-8,14),(3.0471,-9,14),(3.1561,-10,14)
0.0000,1,2,3.3722,3
(0.2136,13,8),(0.3248,12,8),(0.4338,11,8),(0.5428,10,8),(0.6518,9,8),(0.7608,8,8),(0.8698,7,8),(0.9788,6,8),(1.0878,5,8),(1.1968,4,8),(1.3058,3,8),(1.4148,2,8),(1.5238,1,8),(1.6328,0,8),(1.7418,-1,8),(1.8508,-2,8),(1.9598,-3,8),(2.0688,-4,8),(2.1778,-5,8),(2.2868,-6,8),(2.3958,-7,8),(2.5048,-8,8),(2.6138,-9,8),(2.7228,-10,8),(2.8317,1),(2.9412,-11,10),(3.0492,-11,11),(3.1572,-11,12),(3.2652,-11,13)
0.0000,1,2,3.3733,1
(0.2075,13,9),(0.3217,12,9),(0.4307,11,9),(0.5397,10,9),(0.6487,9,9),(0.7577,8,9),(0.8667,7,9),(0.9757,6,9),(1.0848,5,9),(1.1938,4,9),(1.3028,3,9),(1.4118,2,9),(1.5208,1,9),(1.6298,0,9),(1.7388,-1,9),(1.8478,-2,9),(1.9568,-3,9),(2.1768,-4,9),(2.2848,-4,10),(2.3938,-5,10),(2.5018,-5,11),(2.6108,-6,11),(2.7188,-6,12),(2.8278,-7,12),(2.9378,0),(3.0492,-8,14),(3.1582,-9,14),(3.2672,-10,14)
0.0000,2,0,2.5974,3
(0.1046,-10,14),(0.2136,-9,14),(0.3226,-8,14),(0.4306,-8,13),(0.5396,-7,13),(0.6476,-7,12),(0.7566,-6,12),(0.8646,-6,11),(0.9736,-5,11),(1.0816,-5,10),(1.1896,-5,9),(1.2986,-4,9),(1.4066,-4,8),(1.5156,-3,8),(1.6236,-3,7),(1.7326,-2,7),(1.8406,-2,6),(1.9486,-2,5),(2.0599,7),(2.1685,0,4),(2.2765,0,3),(2.3845,0,2),(2.4925,0,1)
0.0000,2,0,2.7068,3
(0.1055,-11,14),(0.2135,-11,13),(0.3215,-11,12),(0.4295,-11,11),(0.5375,-11,10),(0.6475,1),(0.7559,-10,8),(0.8649,-9,8),(0.9739,-8,8),(1.0829,-7,8),(1.1909,-7,7),(1.2999,-6,7),(1.4079,-6,6),(1.5159,-6,5),(1.6249,-5,5),(1.7329,-5,4),(1.8419,-4,4),(1.9499,-4,3),(2.0589,-3,3),(2.1669,-3,2),(2.2759,-2,2),(2.3839,-2,1),(2.4929,-1,1),(2.6019,0,1)
0.0000,2,0,2.8117,3
(0.2110,-11,14),(0.3215,-11,13),(0.4295,-11,12),(0.5375,-11,11),(0.6455,-11,10),(0.7575,1),(0.8663,5),(0.9663,5),(1.0745,-10,7),(1.1835,-9,7),(1.2925,-8,7),(1.4015,-7,7),(1.5105,-6,7),(1.6195,-5,7),(1.7285,-4,7),(1.8365,-4,6),(1.9455,-3,6),(2.0535,-3,5),(2.1625,-2,5),(2.2737,7),(2.3824,0,4),(2.4904,0,3),(2.5984,0,2),(2.7064,0,1)
0.0000,2,0,2.9192,1
(0.2092,-10,14),(0.3226,-9,14),(0.4316,-8,14),(0.5406,-7,14),(0.6470,0),(0.7470,0),(0.8571,-7,12),(0.9651,-7,11),(1.0731,-7,10),(1.1811,-7,9),(1.2891,-7,8),(1.3981,-6,8),(1.5061,-6,7),(1.6141,-6,6),(1.7231,-5,6),(1.8311,-5,5),(1.9401,-4,5),(2.0481,-4,4),(2.1571,-3,4),(2.2651,-3,3),(2.3741,-2,3),(2.4821,-2,2),(2.5911,-1,2),(2.7001,0,2),(2.8144,0,1)
0.0000,2,1,3.2517,3
(0.1046,-10,14),(0.2136,-9,14),(0.3226,-8,14),(0.4316,-7,14),(0.5380,0),(0.6461,-6,13),(0.7551,-5,13),(0.8641,-4,13),(0.9731,-3,13),(1.0821,-2,13),(1.1911,-1,13),(1.3001,0,13),(1.4091,1,13),(1.5181,2,13),(1.6271,3,13),(1.7361,4,13),(1.8451,5,13),(1.9541,6,13),(2.0631,7,13),(2.1721,8,13),(2.2801,8,12),(2.3891,9,12),(2.4971,9,11),(2.6061,10,11),(2.7141,10,10),(2.8231,11,10),(2.9311,11,9),(3.0401,12,9),(3.1491,13,9)
0.0000,2,1,3.3608,3
(0.2092,-10,14),(0.3226,-9,14),(0.4316,-8,14),(0.5406,-7,14),(0.6470,0),(0.7551,-6,13),(0.8641,-5,13),(0.9731,-4,13),(1.0821,-3,13),(1.1911,-2,13),(1.3001,-1,13),(1.4091,0,13),(1.5181,1,13),(1.6271,2,13),(1.7361,3,13),(1.8451,4,13),(1.9541,5,13),(2.0631,6,13),(2.1721,7,13),(2.2811,8,13),(2.3891,8,12),(2.4981,9,12),(2.6061,9,11),(2.7151,10,11),(2.8231,10,10),(2.9321,11,10),(3.0401,11,9),(3.1491,12,9),(3.2581,13,9)
0.0000,2,1,3.3692,3
(0.1055,-11,14),(0.2135,-11,13),(0.3215,-11,12),(0.4295,-11,11),(0.5375,-11,10),(0.6475,1),(0.7559,-10,8),(0.8649,-9,8),(0.9739,-8,8),(1.0829,-7,8),(1.1919,-6,8),(1.3009,-5,8),(1.4099,-4,8),(1.5189,-3,8),(1.6279,-2,8),(1.7369,-1,8),(1.8459,0,8),(1.9549,1,8),(2.0639,2,8),(2.1729,3,8),(2.2819,4,8),(2.3909,5,8),(2.4999,6,8),(2.6089,7,8),(2.7179,8,8),(2.8269,9,8),(2.9359,10,8),(3.0449,11,8),(3.1539,12,8),(3.2629,13,8)
0.0000,2,1,3.4698,1
(0.2110,-11,14),(0.3200,-10,14),(0.4316,-9,14),(0.5406,-8,14),(0.6496,-7,14),(0.7560,0),(0.8642,-6,13),(0.9732,-5,13),(1.0822,-4,13),(1.1912,-3,13),(1.3002,-2,13),(1.4092,-1,13),(1.5182,0,13),(1.6272,1,13),(1.7362,2,13),(1.8452,3,13),(1.9542,4,13),(2.0632,5,13),(2.1722,6,13),(2.2812,7,13),(2.3902,8,13),(2.4982,8,12),(2.6072,9,12),(2.7152,9,11),(2.8242,10,11),(2.9322,10,10),(3.0412,11,10),(3.1492,11,9),(3.2582,12,9),(3.3672,13,9)
4.7000,0,1,2.2699,3
(4.8042,0,1),(4.9132,1,1),(5.0222,2,1),(5.1312,3,1),(5.2402,4,1),(5.3492,5,1),(5.4583,6,1),(5.5673,7,1),(5.6752,3),(5.7804,8,2),(5.8894,6),(6.0005,10,3),(6.1095,11,3),(6.2173,2),(6.3228,12,4),(6.4308,12,5),(6.5388,12,6),(6.6468,12,7),(6.7548,12,8),(6.8638,13,8)
4.7000,0,1,2.3811,3
(4.8051,0,0),(4.9141,1,0),(5.0231,2,0),(5.1321,3,0),(5.2411,4,0),(5.3501,5,0),(5.4591,6,0),(5.5681,7,0),(5.6761,7,1),(5.7840,3),(5.8893,8,2),(5.9982,6),(6.1117,10,3),(6.2207,11,3),(6.3285,2),(6.4340,12,4),(6.5420,12,5),(6.6500,12,6),(6.7580,12,7),(6.8660,12,8),(6.9750,13,8)
4.7000,0,1,2.4872,3
(4.9085,0,1),(5.0165,0,2),(5.1245,0,3),(5.2325,0,4),(5.3415,1,4),(5.4495,1,5),(5.5572,4),(5.6626,2,6),(5.7716,3,6),(5.8806,4,6),(5.9896,5,6),(6.0986,6,6),(6.2076,7,6),(6.3166,8,6),(6.4256,9,6),(6.5346,10,6),(6.6436,11,6),(6.7526,12,6),(6.8616,13,6),(6.9696,13,7),(7.0776,13,8)
4.7000,0,1,2.5934,1
(4.9103,0,0),(5.0231,1,0),(5.1321,2,0),(5.2411,3,0),(5.3501,4,0),(5.4591,5,0),(5.5681,6,0),(5.6771,7,0),(5.7852,7,1),(5.8930,3),(5.9983,8,2),(6.1071,6),(6.2229,10,3),(6.3319,11,3),(6.4397,2),(6.5453,12,4),(6.6533,12,5),(6.7613,12,6),(6.8693,12,7),(6.9773,12,8),(7.0863,13,8)
4.7000,0,2,2.4931,3
(4.8042,0,1),(4.9122,0,2),(5.0202,0,3),(5.1282,0,4),(5.2381,7),(5.3480,-2,5),(5.4570,-3,5),(5.5660,-4,5),(5.6750,-5,5),(5.7840,-6,5),(5.8930,-7,5),(6.0010,-7,6),(6.1100,-8,6),(6.2180,-8,7),(6.3270,-9,7),(6.4350,-9,8),(6.5440,-10,8),(6.6540,1),(6.7628,-11,10),(6.8708,-11,11),(6.9788,-11,12),(7.0868,-11,13)
4.7000,0,2,2.6032,3
(4.8051,0,0),(4.9131,0,1),(5.0211,0,2),(5.1291,0,3),(5.2371,0,4),(5.3481,7),(5.4579,-2,5),(5.5669,-3,5),(5.6759,-4,5),(5.7849,-5,5),(5.8939,-6,5),(6.0029,-7,5),(6.1119,-8,5),(6.2199,-8,6),(6.3289,-9,6),(6.4369,-9,7),(6.5459,-10,7),(6.6554,5),(6.7641,1),(6.8729,-11,10),(6.9809,-11,11),(7.0889,-11,12),(7.1969,-11,13)
4.7000,0,2,2.7119,3
(4.9085,0,1),(5.0175,-1,1),(5.1265,-2,1),(5.2355,-3,1),(5.3445,-4,1),(5.4525,-4,2),(5.5615,-5,2),(5.6695,-5,3),(5.7785,-6,3),(5.8865,-6,4),(5.9955,-7,4),(6.1035,-7,5),(6.2115,-7,6),(6.3205,-8,6),(6.4285,-8,7),(6.5375,-9,7),(6.6455,-9,8),(6.7545,-10,8),(6.8647,1),(6.9817,-11,10),(7.0897,-11,11),(7.1977,-11,12),(7.3057,-11,13)
4.7000,0,2,2.8181,1
(4.9103,0,0),(5.0211,0,1),(5.1291,0,2),(5.2371,0,3),(5.3451,0,4),(5.4581,7),(5.5678,-2,5),(5.6758,-2,6),(5.7838,-2,7),(5.8928,-3,7),(6.0008,-3,8),(6.1088,-3,9),(6.2178,-4,9),(6.3258,-4,10),(6.4348,-5,10),(6.5428,-5,11),(6.6518,-6,11),(6.7598,-6,12),(6.8688,-7,12),(6.9790,0),(7.0885,-8,14),(7.1975,-9,14),(7.3065,-10,14),(7.4155,-11,14)
4.7000,1,0,2.2693,3
(4.8061,13,8),(4.9141,13,7),(5.0221,13,6),(5.1301,13,5),(5.2391,12,5),(5.3471,12,4),(5.4524,2),(5.5604,11,3),(5.6694,10,3),(5.7804,6),(5.8894,8,2),(5.9947,3),(6.1025,7,1),(6.2115,6,1),(6.3205,5,1),(6.4295,4,1),(6.5385,3,1),(6.6475,2,1),(6.7565,1,1),(6.8655,0,1)
4.7000,1,0,2.3803,3
(4.9122,13,8),(5.0221,13,7),(5.1301,13,6),(5.2381,13,5),(5.3481,12,5),(5.4561,12,4),(5.5614,2),(5.6694,11,3),(5.7784,10,3),(5.8915,6),(6.0004,8,2),(6.1058,3),(6.2135,7,1),(6.3225,6,1),(6.4315,5,1),(6.5405,4,1),(6.6495,3,1),(6.7585,2,1),(6.8675,1,1),(6.9765,0,1)
4.7000,1,0,2.4840,3
(4.8023,13,9),(4.9113,12,9),(5.0203,11,9),(5.1293,10,9),(5.2383,9,9),(5.3473,8,9),(5.4563,7,9),(5.5653,6,9),(5.6743,5,9),(5.7833,4,9),(5.8913,4,8),(6.0003,3,8),(6.1083,3,7),(6.2163,3,6),(6.3253,2,6),(6.4309,4),(6.5381,1,5),(6.6461,1,4),(6.7541,1,3),(6.8622,1,2),(6.9712,0,2),(7.0792,0,1)
4.7000,1,0,2.5878,1
(4.9047,13,9),(5.0127,13,8),(5.1217,12,8),(5.2297,12,7),(5.3377,12,6),(5.4467,11,6),(5.5547,11,5),(5.6637,10,5),(5.7717,10,4),(5.8807,9,4),(5.9887,9,3),(6.0977,8,3),(6.2057,8,2),(6.3111,3),(6.4187,7,1),(6.5277,6,1),(6.6367,5,1),(6.7458,4,1),(6.8548,3,1),(6.9638,2,1),(7.0728,1,1),(7.1818,0,1)
4.7000,1,2,3.2554,3
(4.8023,13,9),(4.9113,12,9),(5.0203,11,9),(5.1293,10,9),(5.2383,9,9),(5.3473,8,9),(5.4563,7,9),(5.5653,6,9),(5.6743,5,9),(5.7833,4,9),(5.8923,3,9),(6.0013,2,9),(6.1103,1,9),(6.2193,0,9),(6.3283,-1,9),(6.4373,-2,9),(6.5463,-3,9),(6.6553,-4,9),(6.7633,-4,10),(6.8724,-5,10),(6.9804,-5,11),(7.0894,-6,11),(7.1974,-6,12),(7.3064,-7,12),(7.4166,0),(7.5259,-8,14),(7.6349,-9,14),(7.7439,-10,14),(7.8529,-11,14)
4.7000,1,2,3.2624,3
(4.8061,13,8),(4.9151,12,8),(5.0241,11,8),(5.1331,10,8),(5.2421,9,8),(5.3511,8,8),(5.4601,7,8),(5.5691,6,8),(5.6781,5,8),(5.7871,4,8),(5.8961,3,8),(6.0051,2,8),(6.1141,1,8),(6.2231,0,8),(6.3321,-1,8),(6.4411,-2,8),(6.5501,-3,8),(6.6591,-4,8),(6.7681,-5,8),(6.8771,-6,8),(6.9861,-7,8),(7.0951,-8,8),(7.2041,-9,8),(7.3131,-10,8),(7.4235,1),(7.5322,-11,10),(7.6402,-11,11),(7.7482,-11,12),(7.8562,-11,13)
4.7000,1,2,3.3655,3
(4.9047,13,9),(5.0203,12,9),(5.1293,11,9),(5.2383,10,9),(5.3473,9,9),(5.4563,8,9),(5.5653,7,9),(5.6743,6,9),(5.7833,5,9),(5.8923,4,9),(6.0013,3,9),(6.1103,2,9),(6.2193,1,9),(6.3283,0,9),(6.4373,-1,9),(6.5463,-2,9),(6.6553,-3,9),(6.7643,-4,9),(6.8724,-4,10),(6.9814,-5,10),(7.0894,-5,11),(7.1984,-6,11),(7.3064,-6,12),(7.4154,-7,12),(7.5268,0),(7.6361,-8,14),(7.7451,-9,14),(7.8541,-10,14),(7.9631,-11,14)
4.7000,1,2,3.3727,1
(4.9122,13,8),(5.0241,12,8),(5.1331,11,8),(5.2421,10,8),(5.3511,9,8),(5.4601,8,8),(5.5691,7,8),(5.6781,6,8),(5.7871,5,8),(5.8961,4,8),(6.0051,3,8),(6.1141,2,8),(6.2231,1,8),(6.3321,0,8),(6.4411,-1,8),(6.5501,-2,8),(6.6591,-3,8),(6.7681,-4,8),(6.8771,-5,8),(6.9861,-6,8),(7.0951,-7,8),(7.2041,-8,8),(7.3131,-9,8),(7.4221,-10,8),(7.5339,1),(7.6426,-11,10),(7.7506,-11,11),(7.8586,-11,12),(7.9666,-11,13)
4.7000,2,0,2.4929,3
(4.8066,-11,13),(4.9146,-11,12),(5.0226,-11,11),(5.1306,-11,10),(5.2397,1),(5.3493,-10,8),(5.4583,-9,8),(5.5673,-8,8),(5.6763,-7,8),(5.7853,-6,8),(5.8943,-5,8),(6.0033,-4,8),(6.1123,-3,8),(6.2203,-3,7),(6.3283,-3,6),(6.4373,-2,6),(6.5453,-2,5),(6.6545,7),(6.7651,0,4),(6.8731,0,3),(6.9811,0,2),(7.0891,0,1)
4.7000,2,0,2.5998,3
(4.8067,-10,14),(4.9157,-9,14),(5.0247,-8,14),(5.1350,0),(5.2450,-7,12),(5.3530,-7,11),(5.4610,-7,10),(5.5690,-7,9),(5.6770,-7,8),(5.7850,-7,7),(5.8940,-6,7),(6.0020,-6,6),(6.1100,-6,5),(6.2190,-5,5),(6.3270,-5,4),(6.4360,-4,4),(6.5440,-4,3),(6.6530,-3,3),(6.7610,-3,2),(6.8700,-2,2),(6.9780,-2,1),(7.0870,-1,1),(7.1960,0,1)
4.7000,2,0,2.7035,3
(4.9133,-11,13),(5.0226,-11,12),(5.1306,-11,11),(5.2386,-11,10),(5.3487,1),(5.4487,1),(5.5584,-10,8),(5.6674,-9,8),(5.7764,-8,8),(5.8854,-7,8),(5.9944,-6,8),(6.1034,-5,8),(6.2124,-4,8),(6.3204,-4,7),(6.4284,-4,6),(6.5374,-3,6),(6.6454,-3,5),(6.7544,-2,5),(6.8635,7),(6.9742,0,4),(7.0822,0,3),(7.1902,0,2),(7.2982,0,1)
4.7000,2,0,2.8072,1
(4.8035,-11,14),(4.9125,-10,14),(5.0247,-9,14),(5.1337,-8,14),(5.2451,0),(5.3552,-7,12),(5.4632,-7,11),(5.5712,-7,10),(5.6792,-7,9),(5.7872,-7,8),(5.8952,-7,7),(6.0042,-6,7),(6.1122,-6,6),(6.2202,-6,5),(6.3292,-5,5),(6.4372,-5,4),(6.5462,-4,4),(6.6542,-4,3),(6.7632,-3,3),(6.8712,-3,2),(6.9802,-2,2),(7.0882,-2,1),(7.1972,-1,1),(7.3062,0,1)
4.7000,2,1,3.1507,3
(4.8067,-10,14),(4.9157,-9,14),(5.0247,-8,14),(5.1350,0),(5.2453,-6,13),(5.3543,-5,13),(5.4633,-4,13),(5.5723,-3,13),(5.6813,-2,13),(5.7903,-1,13),(5.8993,0,13),(6.0083,1,13),(6.1173,2,13),(6.2263,3,13),(6.3353,4,13),(6.4443,5,13),(6.5533,6,13),(6.6623,7,13),(6.7703,7,12),(6.8793,8,12),(6.9873,8,11),(7.0963,9,11),(7.2043,9,10),(7.3133,10,10),(7.4213,10,9),(7.5303,11,9),(7.6393,12,9),(7.7483,13,9)
4.7000,2,1,3.2597,3
(4.8066,-11,13),(4.9146,-11,12),(5.0226,-11,11),(5.1306,-11,10),(5.2397,1),(5.3458,-10,9),(5.4548,-9,9),(5.5638,-8,9),(5.6728,-7,9),(5.7818,-6,9),(5.8908,-5,9),(5.9998,-4,9),(6.1088,-3,9),(6.2178,-2,9),(6.3268,-1,9),(6.4358,0,9),(6.5448,1,9),(6.6538,2,9),(6.7628,3,9),(6.8718,4,9),(6.9808,5,9),(7.0898,6,9),(7.1988,7,9),(7.3078,8,9),(7.4168,9,9),(7.5258,10,9),(7.6393,11,9),(7.7483,12,9),(7.8573,13,9)
4.7000,2,1,3.3622,3
(4.8035,-11,14),(4.9125,-10,14),(5.0247,-9,14),(5.1337,-8,14),(5.2451,0),(5.3451,0),(5.4555,-6,13),(5.5645,-5,13),(5.6735,-4,13),(5.7825,-3,13),(5.8915,-2,13),(6.0005,-1,13),(6.1096,0,13),(6.2186,1,13),(6.3276,2,13),(6.4366,3,13),(6.5456,4,13),(6.6546,5,13),(6.7636,6,13),(6.8726,7,13),(6.9816,8,13),(7.0906,9,13),(7.1996,10,13),(7.3076,10,12),(7.4166,11,12),(7.5246,11,11),(7.6336,12,11),(7.7416,12,10),(7.8506,13,10),(7.9586,13,9)
4.7000,2,1,3.3716,1
(4.9133,-11,13),(5.0226,-11,12),(5.1306,-11,11),(5.2386,-11,10),(5.3487,1),(5.4584,-10,8),(5.5674,-9,8),(5.6764,-8,8),(5.7854,-7,8),(5.8944,-6,8),(6.0034,-5,8),(6.1124,-4,8),(6.2214,-3,8),(6.3304,-2,8),(6.4394,-1,8),(6.5484,0,8),(6.6574,1,8),(6.7664,2,8),(6.8754,3,8),(6.9844,4,8),(7.0934,5,8),(7.2024,6,8),(7.3114,7,8),(7.4204,8,8),(7.5294,9,8),(7.6384,10,8),(7.7474,11,8),(7.8564,12,8),(7.9654,13,8)
16.4000,0,1,2.0605,3
(16.5051,0,1),(16.6141,1,1),(16.7231,2,1),(16.8321,3,1),(16.9411,4,1),(17.0501,5,1),(17.1591,6,1),(17.2696,3),(17.3796,8,2),(17.4836,6),(17.5921,9,3),(17.7011,10,3),(17.8114,2),(17.9218,12,4),(18.0298,12,5),(18.1378,12,6),(18.2458,12,7),(18.3538,12,8)
16.4000,0,1,2.1710,3
(16.5065,-1,1),(16.6155,0,1),(16.7245,1,1),(16.8335,2,1),(16.9425,3,1),(17.0515,4,1),(17.1605,5,1),(17.2695,6,1),(17.3800,3),(17.4901,8,2),(17.5941,6),(17.7026,9,3),(17.8116,10,3),(17.9218,2),(18.0323,12,4),(18.1403,12,5),(18.2483,12,6),(18.3563,12,7),(18.4643,12,8)
16.4000,0,1,2.2777,3
(16.6102,0,1),(16.7182,0,2),(16.8262,0,3),(16.9342,0,4),(17.0422,0,5),(17.1529,4),(17.2623,2,6),(17.3713,3,6),(17.4803,4,6),(17.5893,5,6),(17.6983,6,6),(17.8073,7,6),(17.9163,8,6),(18.0253,9,6),(18.1343,10,6),(18.2433,11,6),(18.3513,11,7),(18.4593,11,8),(18.5683,12,8)
16.4000,0,1,2.3843,1
(16.6130,-1,1),(16.7245,0,1),(16.8335,1,1),(16.9425,2,1),(17.0515,3,1),(17.1605,4,1),(17.2695,5,1),(17.3785,6,1),(17.4904,3),(17.6005,8,2),(17.7095,9,2),(17.8185,10,2),(17.9265,10,3),(18.0367,2),(18.1479,11,5),(18.2559,11,6),(18.4593,11,7),(18.5673,11,8),(18.6773,12,8)
16.4000,0,2,2.7007,3
(16.5065,-1,1),(16.6145,-1,2),(16.7225,-1,3),(16.8305,-1,4),(16.9377,7),(17.0426,-2,5),(17.1516,-3,5),(17.2606,-4,5),(17.3696,-5,5),(17.4786,-6,5),(17.5876,-7,5),(17.6956,-7,6),(17.8046,-8,6),(17.9126,-8,7),(18.0216,-9,7),(18.1296,-9,8),(18.2386,-10,8),(18.3466,-10,9),(18.4556,-11,9),(18.5636,-11,10),(18.6716,-11,11),(18.7796,-11,12),(18.8876,-11,13),(18.9956,-11,14)
16.4000,0,2,2.8087,3
(16.6130,-1,1),(16.7225,-1,2),(16.8305,-1,3),(16.9385,-1,4),(17.0457,7),(17.1506,-2,5),(17.2586,-2,6),(17.3676,-3,6),(17.4756,-3,7),(17.5846,-4,7),(17.6926,-4,8),(17.8016,-5,8),(17.9096,-5,9),(18.0176,-5,10),(18.1266,-6,10),(18.2346,-6,11),(18.3436,-7,11),(18.4516,-7,12),(18.5606,-8,12),(18.6686,-8,13),(18.7776,-9,13),(18.8856,-9,14),(18.9946,-10,14),(19.1036,-11,14)
16.4000,0,2,2.8155,3
(16.5051,0,1),(16.6141,-1,1),(16.7231,-2,1),(16.8321,-3,1),(16.9411,-4,1),(17.0501,-5,1),(17.1581,-5,2),(17.2671,-6,2),(17.3751,-6,3),(17.4841,-7,3),(17.5921,-7,4),(17.7011,-8,4),(17.8091,-8,5),(17.9181,-9,5),(18.0261,-9,6),(18.1341,-9,7),(18.2431,-10,7),(18.3511,-10,8),(18.4601,-11,8),(18.5685,1),(18.6785,-12,10),(18.7865,-12,11),(18.8945,-12,12),(19.0025,-12,13),(19.1105,-12,14)
16.4000,0,2,2.9168,1
(16.7194,-1,1),(16.8305,-1,2),(16.9385,-1,3),(17.0465,-1,4),(17.1538,7),(17.2586,-2,5),(17.3676,-3,5),(17.4766,-4,5),(17.5856,-5,5),(17.6946,-6,5),(17.8036,-7,5),(17.9116,-7,6),(18.0206,-8,6),(18.1286,-8,7),(18.2376,-9,7),(18.3456,-9,8),(18.4546,-10,8),(18.5626,-10,9),(18.6716,-11,9),(18.7796,-11,10),(18.8876,-11,11),(18.9956,-11,12),(19.1036,-11,13),(19.2116,-11,14)
16.4000,1,0,2.1668,3
(16.5044,12,9),(16.6124,12,8),(16.7204,12,7),(16.8284,12,6),(16.9364,12,5),(17.0444,12,4),(17.1545,2),(17.2650,10,3),(17.3740,9,3),(17.4824,6),(17.5864,8,2),(17.6966,3),(17.8068,6,1),(17.9158,5,1),(18.0248,4,1),(18.1338,3,1),(18.2428,2,1),(18.3518,1,1),(18.4608,0,1)
16.4000,1,0,2.2772,3
(16.6088,12,9),(16.7204,12,8),(16.8284,12,7),(16.9364,12,6),(17.0444,12,5),(17.1524,12,4),(17.2646,2),(17.3754,10,3),(17.4844,9,3),(17.5929,6),(17.6968,8,2),(17.8070,3),(17.9172,6,1),(18.0262,5,1),(18.1352,4,1),(18.2442,3,1),(18.3532,2,1),(18.4622,1,1),(18.5712,0,1)
16.4000,1,0,2.3876,3
(16.7132,12,9),(16.8284,12,8),(16.9364,12,7),(17.0444,12,6),(17.1524,12,5),(17.2604,12,4),(17.3748,2),(17.4857,10,3),(17.5947,9,3),(17.7033,6),(17.8072,8,2),(17.9175,3),(18.0276,6,1),(18.1366,5,1),(18.2456,4,1),(18.3546,3,1),(18.4636,2,1),(18.5726,1,1),(18.6816,0,1)
16.4000,1,0,2.4937,1
(16.5057,13,9),(16.6147,12,9),(16.7237,11,9),(16.8327,10,9),(16.9417,9,9),(17.0507,8,9),(17.1597,7,9),(17.2687,6,9),(17.3777,5,9),(17.4867,4,9),(17.5947,4,8),(17.7037,3,8),(17.8117,3,7),(17.9207,2,7),(18.0287,2,6),(18.1385,4),(18.2385,4),(18.3497,1,4),(18.4577,1,3),(18.5657,1,2),(18.6747,0,2),(18.7827,0,1)
16.4000,1,2,3.2568,3
(16.5044,12,9),(16.6134,11,9),(16.7224,10,9),(16.8314,9,9),(16.9404,8,9),(17.0494,7,9),(17.1584,6,9),(17.2674,5,9),(17.3764,4,9),(17.4854,3,9),(17.5944,2,9),(17.7034,1,9),(17.8124,0,9),(17.9214,-1,9),(18.0304,-2,9),(18.1394,-3,9),(18.2484,-4,9),(18.3574,-5,9),(18.4664,-6,9),(18.5754,-7,9),(18.6844,-8,9),(18.7934,-9,9),(18.9024,-10,9),(19.0114,-11,9),(19.1194,-11,10),(19.2274,-11,11),(19.3354,-11,12),(19.4434,-11,13),(19.5514,-11,14)
16.4000,1,2,3.3658,3
(16.6088,12,9),(16.7224,11,9),(16.8314,10,9),(16.9404,9,9),(17.0494,8,9),(17.1584,7,9),(17.2674,6,9),(17.3764,5,9),(17.4854,4,9),(17.5944,3,9),(17.7034,2,9),(17.8124,1,9),(17.9214,0,9),(18.0304,-1,9),(18.1394,-2,9),(18.2484,-3,9),(18.3574,-4,9),(18.4664,-5,9),(18.5754,-6,9),(18.6844,-7,9),(18.7934,-8,9),(18.9024,-9,9),(19.0114,-10,9),(19.1204,-11,9),(19.2284,-11,10),(19.3364,-11,11),(19.4444,-11,12),(19.5524,-11,13),(19.6604,-11,14)
16.4000,1,2,3.4749,3
(16.7132,12,9),(16.8314,11,9),(16.9404,10,9),(17.0494,9,9),(17.1584,8,9),(17.2674,7,9),(17.3764,6,9),(17.4854,5,9),(17.5944,4,9),(17.7034,3,9),(17.8124,2,9),(17.9214,1,9),(18.0304,0,9),(18.1394,-1,9),(18.2484,-2,9),(18.3574,-3,9),(18.4664,-4,9),(18.5754,-5,9),(18.6844,-6,9),(18.7934,-7,9),(18.9024,-8,9),(19.0114,-9,9),(19.1204,-10,9),(19.2294,-11,9),(19.3374,-11,10),(19.4454,-11,11),(19.5534,-11,12),(19.6614,-11,13),(19.7694,-11,14)
16.4000,1,2,3.5839,1
(16.8176,12,9),(16.9404,11,9),(17.0494,10,9),(17.1584,9,9),(17.2674,8,9),(17.3764,7,9),(17.4854,6,9),(17.5944,5,9),(17.7034,4,9),(17.8124,3,9),(17.9214,2,9),(18.0304,1,9),(18.1394,0,9),(18.2484,-1,9),(18.3574,-2,9),(18.4664,-3,9),(18.5754,-4,9),(18.6844,-5,9),(18.7934,-6,9),(18.9024,-7,9),(19.0114,-8,9),(19.1204,-9,9),(19.2294,-10,9),(19.3384,-11,9),(19.4464,-11,10),(19.5544,-11,11),(19.6624,-11,12),(19.7704,-11,13),(19.8784,-11,14)
16.4000,2,0,2.5937,3
(16.5069,-11,13),(16.6159,-10,13),(16.7249,-9,13),(16.8339,-8,13),(16.9419,-8,12),(17.0509,-7,12),(17.1589,-7,11),(17.2679,-6,11),(17.3759,-6,10),(17.4839,-6,9),(17.5929,-5,9),(17.7009,-5,8),(17.8099,-4,8),(17.9179,-4,7),(18.0269,-3,7),(18.1349,-3,6),(18.2439,-2,6),(18.3519,-2,5),(18.4564,7),(18.5642,-1,4),(18.6722,-1,3),(18.7802,-1,2),(18.8882,-1,1)
16.4000,2,0,2.7027,3
(16.6137,-11,13),(16.7217,-11,12),(16.8297,-11,11),(16.9377,-11,10),(17.0467,1),(17.1548,-11,8),(17.2638,-10,8),(17.3728,-9,8),(17.4818,-8,8),(17.5908,-7,8),(17.6998,-6,8),(17.8088,-5,8),(17.9189,-4,8),(18.0269,-4,7),(18.1359,-3,7),(18.2439,-3,6),(18.3529,-2,6),(18.4609,-2,5),(18.5653,7),(18.6733,-1,4),(18.7813,-1,3),(18.8893,-1,2),(18.9973,-1,1)
16.4000,2,0,2.8081,3
(16.5039,-11,14),(16.6129,-10,14),(16.7219,-9,14),(16.8309,-8,14),(16.9375,0),(17.0375,0),(17.1477,-8,12),(17.2558,-8,11),(17.3638,-8,10),(17.4718,-8,9),(17.5808,-7,9),(17.6888,-7,8),(17.7968,-7,7),(17.9058,-6,7),(18.0138,-6,6),(18.1228,-5,6),(18.2308,-5,5),(18.3398,-4,5),(18.4478,-4,4),(18.5568,-3,4),(18.6648,-3,3),(18.7728,-3,2),(18.8818,-2,2),(18.9898,-2,1),(19.0988,-1,1)
16.4000,2,0,2.9135,1
(16.5062,-12,14),(16.6152,-11,14),(16.7242,-10,14),(16.8332,-9,14),(16.9422,-8,14),(17.0488,0),(17.2580,-8,12),(17.3670,-7,12),(17.4750,-7,11),(17.5840,-6,11),(17.6920,-6,10),(17.8000,-6,9),(17.9090,-5,9),(18.0170,-5,8),(18.1260,-4,8),(18.2340,-4,7),(18.3430,-3,7),(18.4510,-3,6),(18.5600,-2,6),(18.6680,-2,5),(18.7724,7),(18.8804,-1,4),(18.9884,-1,3),(19.0964,-1,2),(19.2044,-1,1)
16.4000,2,1,3.1491,3
(16.5069,-11,13),(16.6159,-10,13),(16.7249,-9,13),(16.8339,-8,13),(16.9429,-7,13),(17.0519,-6,13),(17.1609,-5,13),(17.2699,-4,13),(17.3789,-3,13),(17.4879,-2,13),(17.5969,-1,13),(17.7059,0,13),(17.8149,1,13),(17.9239,2,13),(18.0329,3,13),(18.1419,4,13),(18.2509,5,13),(18.3599,6,13),(18.4689,7,13),(18.5769,7,12),(18.6859,8,12),(18.7939,8,11),(18.9029,9,11),(19.0109,9,10),(19.1199,10,10),(19.2279,10,9),(19.3369,11,9),(19.4459,12,9)
16.4000,2,1,3.2541,3
(16.5039,-11,14),(16.6129,-10,14),(16.7219,-9,14),(16.8309,-8,14),(16.9399,-7,14),(17.0489,-6,14),(17.1579,-5,14),(17.2669,-4,14),(17.3759,-3,14),(17.4849,-2,14),(17.5939,-1,14),(17.7029,0,14),(17.8119,1,14),(17.9209,2,14),(18.0299,3,14),(18.1389,4,14),(18.2479,5,14),(18.3569,6,14),(18.4659,7,14),(18.5749,8,14),(18.6829,8,13),(18.7919,9,13),(18.8999,9,12),(19.0089,10,12),(19.1169,10,11),(19.2259,11,11),(19.3339,11,10),(19.4429,12,10),(19.5509,12,9)
16.4000,2,1,3.3572,3
(16.6137,-11,13),(16.7249,-10,13),(16.8339,-9,13),(16.9453,0),(17.0526,-7,13),(17.1616,-6,13),(17.2706,-5,13),(17.3796,-4,13),(17.4886,-3,13),(17.5976,-2,13),(17.7066,-1,13),(17.8156,0,13),(17.9246,1,13),(18.0336,2,13),(18.1426,3,13),(18.2516,4,13),(18.3606,5,13),(18.4696,6,13),(18.5786,7,13),(18.6866,7,12),(18.7956,8,12),(18.9036,8,11),(19.0126,9,11),(19.1206,9,10),(19.2296,10,10),(19.3376,10,9),(19.4466,11,9),(19.5557,12,9)
16.4000,2,1,3.3703,1
(16.5062,-12,14),(16.6142,-12,13),(16.7222,-12,12),(16.8302,-12,11),(16.9382,-12,10),(17.0487,1),(17.1568,-11,8),(17.2658,-10,8),(17.3748,-9,8),(17.4838,-8,8),(17.5928,-7,8),(17.7018,-6,8),(17.8108,-5,8),(17.9198,-4,8),(18.0288,-3,8),(18.1378,-2,8),(18.2468,-1,8),(18.3558,0,8),(18.4648,1,8),(18.5738,2,8),(18.6828,3,8),(18.7918,4,8),(18.9008,5,8),(19.0098,6,8),(19.1188,7,8),(19.2278,8,8),(19.3368,9,8),(19.4458,10,8),(19.5548,11,8),(19.6638,12,8)
total:497.2282